Grid 10x10:
[(6, 6), (8, 3), (0, 1), (3, 1), (6, 1), (9, 4), (0, 8), (2, 5), (1, 9), (8, 2), (7, 3), (9, 3), (6, 2), (7, 6), (7, 2), (0, 2), (4, 1), (6, 3), (3, 2), (1, 8), (6, 4), (2, 2), (8, 1), (1, 2), (8, 6), (8, 7), (4, 2), (8, 8), (0, 7)]

dijakstra:
length = 14
time = 0.0148 sec

A*:
length = 15
time = 0.0877 sec

Traditional ACO:
length = 
time = 
epochs = 

Improved ACO:
length = 
time = 
epochs = 

Dynamic ACO:
length = 
time = 
epochs = 


Grid 20x20:
[(9, 11), (14, 6), (16, 14), (7, 15), (4, 1), (19, 10), (5, 14), (2, 3), (11, 9), (3, 1), (17, 14), (3, 2), (18, 14), (18, 15), (6, 14), (4, 0), (19, 15), (2, 4), (5, 1), (13, 6), (14, 5), (6, 15), (6, 13), (4, 2), (5, 15), (16, 13), (17, 15), (8, 15), (4, 15), (2, 2), (6, 1), (13, 5), (12, 6), (5, 0), (15, 13), (3, 3), (11, 10), (19, 14), (16, 15), (7, 16), (18, 13), (7, 14), (7, 17), (8, 14), (13, 7), (1, 1), (1, 2), (14, 7), (5, 13), (15, 5), (12, 5), (18, 10), (6, 0), (4, 14), (17, 10), (7, 18), (8, 18), (14, 13), (2, 5), (7, 13), (15, 4), (12, 10), (16, 5), (3, 0), (19, 13), (2, 1), (18, 16), (17, 13), (15, 6), (1, 3), (14, 14), (11, 8), (11, 5), (15, 15), (9, 10), (15, 14), (17, 9), (10, 9), (18, 11), (11, 11), (10, 11), (14, 12), (13, 13), (12, 7), (3, 5), (12, 11), (1, 4), (18, 17), (9, 12), (7, 0), (13, 14), (16, 16), (10, 10), (13, 8), (6, 18), (18, 12), (9, 15), (12, 14), (8, 12), (8, 11), (15, 12), (7, 1), (13, 15), (7, 19), (6, 17), (6, 12), (3, 4), (15, 7), (15, 11), (10, 5), (7, 12), (18, 18), (11, 7), (9, 9), (5, 16), (6, 16), (12, 8)]

dijakstra:
length = 38
time = 0.0974 sec

A*:
length = 38
time = 0.0836 sec

Traditional ACO:
length = 38
time = 
epochs = [53, 53, 53, 51, 50, 49, 47, 46, 44, 44, 44, 41, 41, 41, 41, 41, 41, 41, 41, 41, 41, 41, 41, 41, 41, 41, 41, 40, 38, 38, 38, 38, 38, 38, 38, 38, 38, 38, 38, 38, 38, 38, 38, 38, 38, 38, 38, 38, 38, 38]

Improved ACO:
length = 
time = 
epochs = 

Dynamic ACO:
length = 
time = 
epochs = 


Grid 30x30:
[(4, 17), (15, 4), (4, 13), (5, 13), (28, 8), (29, 25), (21, 21), (18, 17), (27, 4), (7, 9), (21, 26), (28, 13), (13, 22), (9, 18), (17, 22), (7, 14), (3, 27), (26, 5), (20, 18), (16, 14), (23, 1), (16, 10), (3, 15), (21, 23), (22, 23), (1, 24), (16, 15), (25, 19), (7, 24), (27, 2), (21, 15), (17, 11), (3, 20), (13, 24), (26, 15), (15, 7), (27, 28), (25, 11), (27, 11), (2, 4), (7, 29), (10, 29), (0, 8), (28, 20), (14, 12), (16, 29), (6, 4), (14, 8), (9, 17), (26, 4), (25, 4), (7, 23), (26, 11), (27, 3), (3, 21), (2, 24), (15, 8), (17, 12), (26, 2), (21, 20), (26, 3), (25, 3), (26, 10), (13, 12), (16, 22), (3, 24), (4, 20), (16, 7), (2, 15), (25, 2), (29, 20), (10, 18), (5, 12), (6, 3), (27, 10), (26, 6), (10, 17), (21, 22), (0, 7), (20, 21), (3, 4), (24, 11), (6, 5), (5, 17), (28, 3), (4, 4), (3, 16), (19, 21), (28, 21), (4, 21), (25, 5), (11, 18), (4, 16), (24, 2), (4, 18), (2, 3), (5, 5), (10, 19), (1, 7), (6, 24), (29, 8), (15, 5), (28, 14), (8, 24), (8, 9), (8, 18), (24, 12), (7, 18), (22, 24), (4, 5), (14, 9), (26, 16), (20, 20), (23, 2), (14, 24), (6, 14), (16, 12), (6, 9), (9, 29), (9, 9), (4, 24), (3, 17), (3, 26), (8, 25), (15, 14), (14, 22), (20, 26), (2, 14), (19, 26), (4, 6), (22, 1), (8, 23), (22, 20), (25, 10), (26, 1), (5, 24), (5, 16), (16, 4), (23, 0), (25, 15), (17, 17), (29, 13), (2, 7), (1, 8), (13, 11), (17, 18), (22, 2), (18, 11), (23, 3), (27, 12), (9, 28), (4, 12), (18, 12), (5, 23), (26, 17), (22, 0), (3, 13), (24, 3), (25, 17), (8, 29), (8, 19), (9, 23), (19, 18), (26, 18), (13, 10), (26, 9), (3, 12), (28, 12), (26, 28), (21, 1), (15, 9), (21, 24), (10, 23), (23, 23), (5, 4), (25, 18), (0, 6), (15, 15), (7, 25), (13, 13), (15, 6), (26, 19), (3, 19), (8, 26), (6, 2), (7, 28), (16, 13), (12, 24), (29, 14), (24, 10), (20, 19), (17, 10), (3, 18), (4, 27), (25, 12), (28, 28), (28, 2), (14, 10), (25, 9), (16, 23), (9, 19), (5, 14), (4, 22), (15, 13), (6, 12), (23, 20), (3, 3), (14, 11), (6, 16), (14, 5), (19, 27), (28, 1), (6, 11), (4, 7), (22, 25), (7, 17), (4, 19), (9, 16), (25, 16), (13, 8), (29, 9), (16, 11), (7, 10), (22, 21), (9, 22), (16, 8), (4, 23), (20, 22), (24, 19), (17, 7), (18, 18), (17, 23), (25, 14), (16, 9), (6, 15), (19, 19), (26, 12), (22, 22), (27, 5), (6, 18), (7, 26), (23, 25), (16, 16), (17, 13), (3, 2), (28, 4), (28, 22), (2, 23), (6, 23), (1, 6), (20, 23), (8, 10), (20, 27), (7, 5), (1, 23), (23, 19), (6, 28), (2, 26), (15, 24), (28, 10), (2, 17), (23, 4), (27, 9), (15, 23), (11, 17), (5, 15), (19, 11), (23, 21), (28, 11), (5, 3), (29, 12), (7, 2), (9, 15), (4, 25), (12, 18), (23, 22), (2, 5), (15, 25), (19, 12), (24, 15), (20, 12), (10, 15), (10, 14), (17, 16), (7, 16), (25, 8), (3, 7), (20, 1), (3, 14), (12, 22), (2, 22), (7, 19), (23, 18), (6, 10), (15, 12), (20, 0), (5, 6), (6, 27), (19, 20), (24, 5), (22, 26)]

dijakstra:
length = 43
time = 0.4936 sec

A*:
length = 44
time = 0.0463 sec

Traditional ACO:
length = 45
time = 
epochs = [63, 62, 56, 50, 50, 50, 50, 50, 49, 49, 49, 47, 47, 47, 46, 46, 46, 46, 46, 46, 46, 46, 46, 46, 46, 46, 46, 46, 46, 46, 46, 46, 46, 46, 46, 46, 46, 46, 46, 46, 46, 46, 46, 46, 46, 46, 46, 46, 46, 46]

Improved ACO:
length = 
time = 
epochs = 


With additional obstacles:
[(18, 22), (18, 23), (19, 22), (19, 23), (25, 13)]

Dijakstra:
length = 48

A*:
length = 48

Dynamic ACO:
length = 49

100x100 Grid:
Dijakstra = 122 length
ACO = 144 length